789552,006,Mao Tieu Thao,14,11,2023,14,11,2023
221231025,001,Nguyen Van Tu,15,11,2023,22,11,2023
654321,987,Tran Thi Binh,12,08,1985,22,03,2022
888000,123,Le Van C,05,02,2023,10,10,2023
456789,555,Pham hong Duy,30,11,2023,18,09,2024
777888,456,Vo Thi Kim Ngan,03,07,1922,05,12,2022
321654,789,Nguyen Van Dung,20,4,1923,14,06,2023
112233,999,doan Van hoang,15,5,2022,20,05,2022
444555,888,Trinh Thi Minh Hang,08,03,1987,01,01,2024
999111,666,Le Van Anh,02,12,2001,09,08,2025
888999,222,Hoang Thi Mai,18,06,1993,07,04,2023
567890,345,Nguyen Van Phuc,11,01,1980,25,11,2022